 diametro=   9.9999999999999995E-007
 factor de llenado=  0.40000000596046448     
 semilla=          50
