 diametro=   9.9999999999999995E-007
 factor de llenado=  0.10000000149011612     
 semilla=          50
