 diametro=   9.9999999999999995E-007
 factor de llenado=  0.10000000000000001     
 semilla=          50
